################################################
# ITK-SnAP Label Description File
# File format: 
# IDX   -R-  -G-  -B-  -A--  VIS MSH  LABEL
# Fields: 
#    IDX:   Zero-based index 
#    -R-:   Red color component (0..255)
#    -G-:   Green color component (0..255)
#    -B-:   Blue color component (0..255)
#    -A-:   Label transparency (0.00 .. 1.00)
#    VIS:   Label visibility (0 or 1)
#    IDX:   Label mesh visibility (0 or 1)
#  LABEL:   Label description 
################################################
    0     0    0    0        0  0  0    "Clear Label"
    1   255    0    0        1  1  1    "10"
    2     0  255    0        1  1  1    "46d"
    3     0    0  255        1  1  1    "46v"
    4   255  255    0        1  1  1    "11"
    5     0  255  255        1  1  1    "12"
    6   255    0  255        1  1  1    "14"
    7   255  239  213        1  1  1    "9"
    8     0    0  205        1  1  1    "32"
    9   205  133   63        1  1  1    "9-46d"
   10   210  180  140        1  1  1    "9-46v"
   11   102  205  170        1  1  1    "24c"
   12     0    0  128        1  1  1    "8B"
   13     0  139  139        1  1  1    "45A"
   14    46  139   87        1  1  1    "13"
   15   255  228  225        1  1  1    "25"
   16   106   90  205        1  1  1    "POLE"
   17   221  160  221        1  1  1    "45B"
   18   233  150  122        1  1  1    "F6"
   19   165   42   42        1  1  1    "F7"
   20   255  250  250        1  1  1    "8r"
   21   147  112  219        1  1  1    "ProM"
   22   218  112  214        1  1  1    "44"
   23    75    0  130        1  1  1    "F5"
   24   255  182  193        1  1  1    "24b"
   25    60  179  113        1  1  1    "OPAI"
   26   255  235  205        1  1  1    "OPRO"
   27   255  228  196        1  1  1    "Gu"
   28   218  165   32        1  1  1    "8I"
   29     0  128  128        1  1  1    "8m"
   30   188  143  143        1  1  1    "24a"
   31   255  105  180        1  1  1    "PERI"
   32   255  218  185        1  1  1    "PIR"
   33   222  184  135        1  1  1    "ENTO"
   34   127  255    0        1  1  1    "STPr"
   35   139   69   19        1  1  1    "TEa-ma"
   36   124  252    0        1  1  1    "TEav"
   37   255  255  224        1  1  1    "INS"
   38    70  130  180        1  1  1    "Pi"
   39     0  100    0        1  1  1    "PBr"
   40   238  130  238        1  1  1    "IPa"
   41   238  232  170        1  1  1    "SII"
   42   240  255  240        1  1  1    "PGa"
   43   245  222  179        1  1  1    "Core"
   44   184  134   11        1  1  1    "LB"
   45    32  178  170        1  1  1    "MB"
   46   255   20  147        1  1  1    "24d"
   47    25   25  112        1  1  1    "TEad"
   48   112  128  144        1  1  1    "F2"
   49    34  139   34        1  1  1    "F3"
   50   248  248  255        1  1  1    "F4"
   51   245  255  250        1  1  1    "3"
   52   255  160  122        1  1  1    "2"
   53   144  238  144        1  1  1    "F1"
   54   173  255   47        1  1  1    "SUB"
   55    65  105  225        1  1  1    "TEa-mp"
   56   255   99   71        1  1  1    "STPI"
   57   250  240  230        1  1  1    "TEpd"
   58   128    0    0        1  1  1    "TEpv"
   59    50  205   50        1  1  1    "1"
   60   244  164   96        1  1  1    "TH-TF"
   61   255  255  240        1  1  1    "29-30"
   62   123  104  238        1  1  1    "23"
   63   255  165    0        1  1  1    "PBc"
   64   173  216  230        1  1  1    "AIP"
   65   255  192  203        1  1  1    "7B"
   66   127  255  212        1  1  1    "FST"
   67   255  140    0        1  1  1    "5"
   68   143  188  143        1  1  1    "7op"
   69   220   20   60        1  1  1    "TEOm"
   70   253  245  230        1  1  1    "TEO"
   71   255  250  240        1  1  1    "STPc"
   72     0  206  209        1  1  1    "VIP"
   73     0  255  127        1  1  1    "V2"
   74   128    0  128        1  1  1    "LIP"
   75   255  250  205        1  1  1    "MST"
   76   250  128  114        1  1  1    "V4"
   77   211   66   14        1  1  1    "V3"
   78   178   34   34        1  1  1    "Pro.St."
   79   255  127   80        1  1  1    "31"
   80   135  206  235        1  1  1    "7A"
   81   100  149  237        1  1  1    "7m"
   82   240  230  140        1  1  1    "TPt"
   83   250  235  215        1  1  1    "MT"
   84    84  116  255        1  1  1    "V4t"
   85   107  142   35        1  1  1    "MIP"
   86   135  206  250        1  1  1    "V1"
   87     0    0  139        1  1  1    "PIP"
   88   139    0  139        1  1  1    "V3A"
   89   245  245  220        1  1  1    "V6A"
   90   108  211  134        1  1  1    "DP"
   91   255  228  181        1  1  1    "V6"
